10728                         60133,971429
10222                         29780,583333
10794                         29681,702381
10142                         25719,828571
10050                         25576,266667
10876                         25037,183333
10849                         25021,083333
11174                         20819,866667
11050                         20138,495238
10365                         19730,450000
11105                         18437,783333
10368                         17164,566667
11030                         17126,416667
11237                         17076,766667
11148                         17012,900000
10872                         15388,666667
10892                         14867,016667
11027                         14831,866667
11171                         14732,500000
11137                         14691,600000
10454                         13723,730952
11140                         13500,683333
10537                         13011,400000
11058                         12349,616667
10116                         12052,200000
10990                         11132,616667
10729                         10502,466667
11191                         9661,747619
10401                         9520,700000
10051                         9378,816667
10777                         8962,500000
10859                         8830,833333
10831                         8784,073810
10779                         8575,333333
10692                         8075,116667
10629                         7806,516667
10981                         7476,250000
10793                         6412,459524
10482                         6312,633333
11012                         6147,966667
10948                         5950,333333
10325                         5931,450000
11239                         5917,650000
10130                         5723,500000
11120                         5399,000000
10226                         4978,583333
11129                         4812,133333
10996                         4778,083333
11098                         4451,316667
10534                         4382,183333
10853                         4366,733333
10216                         4359,550000
10976                         4312,633333
10431                         4188,383333
10985                         4179,083333
10410                         4109,800000
11063                         4000,666667
10992                         4000,016667
10983                         3919,416667
10024                         3892,633333
10724                         3848,566667
10220                         3816,766667
10873                         3789,266667
10584                         3680,000000
10121                         3586,666667
10578                         3546,650000
10573                         3482,414286
10727                         3441,033333
11110                         3333,961905
11162                         3219,566667
11069                         3197,133333
10485                         3118,400000
11214                         3021,509524
10043                         3019,050000
11112                         3018,750000
10916                         2952,083333
10436                         2945,300000
10093                         2928,683333
10754                         2909,216667
11227                         2883,311905
10509                         2747,400000
10610                         2742,916667
10049                         2686,002381
10628                         2655,000000
10322                         2629,066667
11111                         2610,266667
10104                         2606,033333
10323                         2546,066667
11230                         2506,966667
10804                         2505,333333
11213                         2453,733333
11164                         2434,650000
11238                         2425,866667
10926                         2418,150000
10499                         2406,669048
10018                         2319,500000
11099                         2301,316667
10075                         2293,166667
10326                         2263,983333
10449                         2218,300000
11224                         2199,766667
10329                         2196,250000
10690                         2139,233333
10848                         2077,733333
11097                         2035,083333
11126                         1986,466667
10541                         1983,166667
10463                         1980,083333
10648                         1966,850000
11202                         1957,650000
11244                         1954,000000
10647                         1927,233333
10466                         1901,050000
10012                         1833,500000
10072                         1831,500000
10847                         1824,000000
10894                         1798,716667
10684                         1782,883333
10378                         1714,250000
10893                         1713,566667
10773                         1707,642857
10386                         1666,200000
11149                         1622,866667
10732                         1616,476190
10123                         1616,333333
10644                         1533,600000
10444                         1530,466667
10464                         1526,950000
10022                         1476,700000
10577                         1472,133333
11014                         1471,116667
10086                         1467,400000
10599                         1450,466667
11190                         1449,604762
11187                         1440,521429
10783                         1404,523810
10786                         1382,900000
10956                         1381,700000
10035                         1375,666667
11182                         1328,883333
11094                         1313,850000
10052                         1288,383333
10457                         1285,666667
10488                         1276,050000
10808                         1262,116667
10310                         1260,416667
10616                         1257,500000
10352                         1241,666667
10871                         1219,666667
10395                         1152,666667
10776                         1150,200000
10789                         1147,150000
10705                         1140,000000
10379                         1133,583333
11016                         1120,716667
10094                         1109,966667
10101                         1075,716667
11033                         1071,000000
10961                         1069,833333
10545                         1069,066667
10129                         1068,666667
11067                         1055,000000
11156                         1050,700000
10114                         1018,400000
11250                         1000,933333
10811                         988,250000
10659                         985,466667
10201                         984,916667
10036                         966,833333
10857                         955,066667
11116                         938,750000
10748                         927,816667
10931                         923,333333
11128                         921,500000
11086                         911,250000
10017                         906,500000
10702                         902,500000
10828                         894,750000
10881                         875,333333
10951                         860,400000
11122                         848,666667
10858                         823,500000
10345                         821,350000
10390                         810,816667
11193                         798,500000
10576                         797,133333
10338                         772,833333
10367                         766,000000
10632                         757,000000
11186                         751,759524
10219                         751,733333
11166                         751,666667
10048                         742,866667
10935                         723,316667
10691                         719,450000
10494                         702,083333
10630                         692,500000
10342                         691,566667
10919                         685,666667
10949                         674,400000
10370                         674,133333
10210                         669,066667
11017                         668,233333
11031                         663,166667
10668                         661,833333
10641                         659,816667
11195                         659,033333
11210                         654,766667
10745                         634,666667
10387                         632,216667
11034                         624,166667
10757                         618,300000
11088                         617,200000
10601                         613,166667
11145                         607,466667
11194                         604,666667
10081                         600,983333
10478                         591,583333
10587                         590,333333
10698                         588,450000
10582                         588,000000
11215                         586,416667
10066                         576,900000
11113                         574,300000
10083                         574,066667
10375                         565,666667
11181                         554,833333
10934                         550,333333
10637                         547,700000
10005                         542,050000
10015                         540,333333
10335                         533,466667
10566                         524,083333
11021                         522,900000
10224                         519,333333
10517                         511,450000
10315                         507,733333
10016                         506,666667
10615                         496,000000
10720                         490,966667
10070                         490,333333
10696                         474,500000
10868                         470,000000
10886                         458,166667
10371                         448,233333
10731                         447,666667
10409                         447,333333
10461                         446,500000
10874                         433,850000
10125                         430,000000
10765                         427,483333
10383                         421,666667
11091                         417,333333
10907                         414,833333
11247                         412,066667
10532                         402,900000
10710                         402,666667
10815                         402,650000
10624                         401,566667
10063                         397,369048
11019                         396,333333
11121                         390,483333
10324                         388,750000
10972                         386,233333
10614                         385,400000
10781                         381,700000
10549                         378,533333
11143                         372,676190
10840                         363,333333
10750                         362,750000
10294                         360,466667
10910                         355,666667
10875                         352,933333
11150                         350,166667
10891                         341,916667
10913                         340,166667
10898                         338,500000
11005                         330,333333
10355                         325,500000
11003                         322,000000
10432                         313,333333
10460                         307,333333
10221                         302,816667
10363                         301,666667
10042                         296,400000
10350                         294,833333
10438                         294,733333
10011                         292,500000
10590                         287,333333
11057                         287,000000
10159                         284,000000
10581                         280,400000
10654                         280,300000
10421                         280,166667
10994                         279,000000
11185                         274,550000
10084                         273,666667
10694                         273,333333
10704                         272,666667
11082                         271,466667
10603                         270,700000
10904                         268,666667
10674                         260,083333
10427                         260,000000
10531                         258,666667
10560                         254,900000
10807                         253,666667
10866                         250,483333
10533                         250,233333
10162                         248,000000
10869                         246,416667
11158                         246,233333
10542                         238,166667
10139                         228,833333
10572                         226,854762
11218                         225,833333
10097                         225,416667
10922                         223,333333
10946                         220,333333
10930                         220,000000
11243                         217,166667
10527                         216,400000
11036                         206,000000
11039                         200,166667
10202                         199,000000
10945                         197,583333
10361                         197,333333
10357                         192,666667
11136                         192,000000
11055                         189,833333
11093                         188,500000
10998                         183,000000
10111                         182,166667
10742                         178,569048
11056                         177,666667
10465                         175,166667
10486                         174,619048
10968                         173,250000
10524                         167,966667
11089                         164,000000
10148                         163,666667
10995                         160,333333
10540                         159,666667
10938                         159,216667
11183                         157,983333
10842                         157,500000
11096                         157,166667
10997                         157,000000
10567                         154,221429
11249                         154,150000
10211                         152,166667
10837                         151,833333
11188                         151,566667
11228                         150,500000
11107                         149,333333
10883                         147,000000
11169                         140,583333
10099                         140,500000
11251                         139,000000
11200                         134,666667
10640                         132,000000
11114                         129,600000
10366                         127,500000
10516                         127,250000
11090                         125,333333
10483                         124,733333
10921                         122,000000
10878                         119,666667
10391                         119,466667
10468                         119,333333
11219                         118,166667
11234                         117,500000
10522                         116,900000
10579                         116,500000
10639                         112,583333
10020                         112,316667
10163                         112,166667
10452                         111,666667
10546                         111,333333
10791                         111,166667
10833                         110,333333
10784                         110,233333
10131                         109,333333
11211                         104,833333
10328                         104,566667
10832                         103,733333
10612                         103,500000
10585                         102,500000
11157                         102,400000
10755                         102,000000
10986                         100,166667
10888                         99,633333
10477                         99,500000
10398                         99,500000
11248                         95,333333
10688                         94,400000
10124                         94,166667
10790                         92,400000
10880                         91,666667
10827                         87,666667
10319                         87,500000
10487                         87,019048
10472                         86,666667
10583                         86,000000
10102                         86,000000
10027                         83,750000
10978                         83,666667
10561                         83,566667
10513                         82,666667
11053                         81,916667
11102                         81,666667
10627                         80,833333
10890                         80,666667
10568                         79,666667
10680                         78,000000
10902                         77,483333
10785                         76,933333
10964                         76,700000
10327                         75,000000
11147                         73,333333
10973                         71,666667
10103                         70,333333
10340                         69,900000
10373                         68,733333
10166                         67,833333
10855                         67,666667
11007                         67,333333
11184                         66,333333
10469                         66,333333
11212                         66,000000
10476                         65,000000
10650                         64,000000
10726                         63,000000
11242                         61,333333
11026                         60,333333
10730                         60,166667
10661                         58,666667
11217                         58,666667
10453                         58,000000
11155                         56,400000
10317                         55,833333
10251                         55,000000
10759                         54,666667
11241                         54,500000
10462                         54,000000
10799                         54,000000
10418                         53,666667
10151                         53,000000
10984                         52,733333
10380                         52,666667
10977                         51,600000
10607                         49,500000
10448                         49,000000
10631                         48,000000
10474                         48,000000
10778                         48,000000
10009                         47,000000
10622                         46,333333
10149                         44,166667
10937                         44,000000
10213                         43,333333
10980                         43,000000
11018                         42,666667
10884                         42,666667
10445                         42,000000
10987                         42,000000
10132                         41,600000
10098                         41,500000
10920                         41,000000
10787                         40,571429
10341                         40,333333
10618                         40,166667
11198                         40,000000
10649                         39,166667
11045                         39,000000
10843                         37,666667
10519                         37,666667
11115                         35,500000
11051                         35,083333
11044                         34,500000
10434                         34,166667
11052                         34,000000
10954                         34,000000
10642                         33,666667
10571                         33,666667
10662                         33,500000
10782                         32,750000
11172                         32,666667
10535                         32,585714
10592                         32,000000
10330                         32,000000
11011                         31,000000
10077                         30,666667
10498                         30,485714
11106                         30,333333
11204                         30,000000
10611                         29,000000
10045                         28,666667
10564                         28,333333
10032                         27,000000
10771                         26,833333
11095                         26,000000
10738                         26,000000
11087                         25,666667
10812                         25,500000
10090                         25,500000
11159                         25,333333
10128                         24,666667
10359                         24,000000
10364                         24,000000
10076                         24,000000
10810                         23,066667
10665                         23,066667
11080                         23,000000
10703                         22,000000
11236                         21,666667
10552                         21,166667
10924                         21,000000
10164                         20,333333
10862                         19,000000
10489                         19,000000
10788                         19,000000
10739                         19,000000
11103                         18,000000
10141                         18,000000
10096                         18,000000
10369                         16,666667
10846                         16,000000
10580                         16,000000
10316                         16,000000
11154                         16,000000
11123                         16,000000
10392                         15,666667
10597                         15,666667
10570                         15,500000
10963                         15,400000
11079                         15,000000
10715                         15,000000
10064                         15,000000
11144                         14,666667
10678                         14,000000
10393                         14,000000
11221                         14,000000
11179                         13,666667
10756                         13,666667
11101                         13,000000
11085                         13,000000
11235                         12,666667
11022                         12,666667
10613                         12,000000
10617                         12,000000
11023                         12,000000
10569                         12,000000
10563                         12,000000
11165                         11,666667
10495                         11,000000
11161                         10,666667
10740                         10,000000
10969                         10,000000
10059                         10,000000
10046                         10,000000
10623                         9,666667
10484                         9,000000
10609                         8,000000
11065                         8,000000
10394                         8,000000
10974                         8,000000
10714                         8,000000
10147                         8,000000
11176                         8,000000
10901                         8,000000
10677                         7,000000
10446                         7,000000
11015                         7,000000
10967                         7,000000
11142                         7,000000
10146                         6,833333
10574                         6,666667
10936                         6,666667
10682                         6,000000
11068                         6,000000
10160                         6,000000
10528                         6,000000
10523                         6,000000
10989                         6,000000
10741                         6,000000
11222                         6,000000
10135                         6,000000
10593                         6,000000
10107                         6,000000
10080                         6,000000
10085                         6,000000
10706                         6,000000
10912                         6,000000
10932                         5,333333
10028                         5,000000
11041                         5,000000
10396                         5,000000
11223                         5,000000
10556                         4,666667
10882                         4,666667
11135                         4,666667
11118                         4,500000
10860                         4,000000
10010                         4,000000
10013                         4,000000
10826                         4,000000
11083                         4,000000
10775                         4,000000
10766                         4,000000
10385                         4,000000
10384                         4,000000
10053                         4,000000
10266                         3,500000
10679                         3,000000
10543                         3,000000
10769                         3,000000
10529                         3,000000
10918                         3,000000
10562                         2,666667
10420                         2,000000
10638                         2,000000
10861                         2,000000
10267                         2,000000
10003                         2,000000
10459                         2,000000
10675                         2,000000
10689                         2,000000
11008                         2,000000
11246                         2,000000
11004                         2,000000
10816                         2,000000
10760                         2,000000
10737                         2,000000
10988                         2,000000
10718                         2,000000
10950                         2,000000
10145                         2,000000
10337                         2,000000
10798                         2,000000
11160                         2,000000
10057                         2,000000
10034                         2,000000
10374                         1,666667
10320                         1,666667
11117                         1,500000
10419                         1,000000
10818                         1,000000
10595                         1,000000
10088                         1,000000
10065                         1,000000
10645                         0,666667
10711                         0,666667
10899                         0,000000
10657                         0,000000
10417                         0,000000
10658                         0,000000
10651                         0,000000
10653                         0,000000
10895                         0,000000
10652                         0,000000
10655                         0,000000
10896                         0,000000
10426                         0,000000
10667                         0,000000
10425                         0,000000
10669                         0,000000
10429                         0,000000
10660                         0,000000
10422                         0,000000
10663                         0,000000
10666                         0,000000
10877                         0,000000
10635                         0,000000
10879                         0,000000
10870                         0,000000
10646                         0,000000
10404                         0,000000
10403                         0,000000
10887                         0,000000
10889                         0,000000
10402                         0,000000
10885                         0,000000
10854                         0,000000
10619                         0,000000
10851                         0,000000
10850                         0,000000
10865                         0,000000
10864                         0,000000
10621                         0,000000
10835                         0,000000
10834                         0,000000
10839                         0,000000
10838                         0,000000
10830                         0,000000
10845                         0,000000
10608                         0,000000
10841                         0,000000
10491                         0,000000
10490                         0,000000
10019                         0,000000
11109                         0,000000
11100                         0,000000
10497                         0,000000
10496                         0,000000
11104                         0,000000
10014                         0,000000
11119                         0,000000
10021                         0,000000
10023                         0,000000
10268                         0,000000
10026                         0,000000
10025                         0,000000
10470                         0,000000
10473                         0,000000
10475                         0,000000
10234                         0,000000
10479                         0,000000
10001                         0,000000
10004                         0,000000
10006                         0,000000
10217                         0,000000
10458                         0,000000
10451                         0,000000
10693                         0,000000
10450                         0,000000
10455                         0,000000
10212                         0,000000
10699                         0,000000
10214                         0,000000
10225                         0,000000
10467                         0,000000
10439                         0,000000
10671                         0,000000
10670                         0,000000
10430                         0,000000
10433                         0,000000
10447                         0,000000
10440                         0,000000
10441                         0,000000
11061                         0,000000
11060                         0,000000
11062                         0,000000
11064                         0,000000
11074                         0,000000
11073                         0,000000
11076                         0,000000
11077                         0,000000
11043                         0,000000
11042                         0,000000
11054                         0,000000
11059                         0,000000
11020                         0,000000
11025                         0,000000
11032                         0,000000
11035                         0,000000
11038                         0,000000
11009                         0,000000
11245                         0,000000
10397                         0,000000
10399                         0,000000
11006                         0,000000
10161                         0,000000
11252                         0,000000
11010                         0,000000
11013                         0,000000
10809                         0,000000
10817                         0,000000
10819                         0,000000
10801                         0,000000
10803                         0,000000
10805                         0,000000
11084                         0,000000
11092                         0,000000
10539                         0,000000
10530                         0,000000
10772                         0,000000
10548                         0,000000
10780                         0,000000
10544                         0,000000
10514                         0,000000
10758                         0,000000
10515                         0,000000
10999                         0,000000
10518                         0,000000
10991                         0,000000
10510                         0,000000
10751                         0,000000
10525                         0,000000
10767                         0,000000
10526                         0,000000
10761                         0,000000
10763                         0,000000
10520                         0,000000
10764                         0,000000
10733                         0,000000
10736                         0,000000
10735                         0,000000
10979                         0,000000
10970                         0,000000
10503                         0,000000
10505                         0,000000
10747                         0,000000
10504                         0,000000
10746                         0,000000
10749                         0,000000
10508                         0,000000
10501                         0,000000
10500                         0,000000
10709                         0,000000
10712                         0,000000
10953                         0,000000
10716                         0,000000
10957                         0,000000
10959                         0,000000
10717                         0,000000
10952                         0,000000
10719                         0,000000
10965                         0,000000
10723                         0,000000
10722                         0,000000
10725                         0,000000
10966                         0,000000
10962                         0,000000
10372                         0,000000
11229                         0,000000
10134                         0,000000
10133                         0,000000
11225                         0,000000
11226                         0,000000
10381                         0,000000
10382                         0,000000
11232                         0,000000
10143                         0,000000
11231                         0,000000
10144                         0,000000
11233                         0,000000
10389                         0,000000
10591                         0,000000
10118                         0,000000
11209                         0,000000
10119                         0,000000
10110                         0,000000
10594                         0,000000
10351                         0,000000
10112                         0,000000
10596                         0,000000
10354                         0,000000
11201                         0,000000
10353                         0,000000
10356                         0,000000
10598                         0,000000
11203                         0,000000
10113                         0,000000
10358                         0,000000
10360                         0,000000
10362                         0,000000
10120                         0,000000
10122                         0,000000
10127                         0,000000
10126                         0,000000
10332                         0,000000
10331                         0,000000
10334                         0,000000
10575                         0,000000
10336                         0,000000
10348                         0,000000
10106                         0,000000
10109                         0,000000
10108                         0,000000
10100                         0,000000
10105                         0,000000
10589                         0,000000
10588                         0,000000
10346                         0,000000
10557                         0,000000
10792                         0,000000
10550                         0,000000
10796                         0,000000
10795                         0,000000
10314                         0,000000
10797                         0,000000
10321                         0,000000
10565                         0,000000
10091                         0,000000
10092                         0,000000
11189                         0,000000
11192                         0,000000
11197                         0,000000
10071                         0,000000
10073                         0,000000
11163                         0,000000
10074                         0,000000
11168                         0,000000
11167                         0,000000
11170                         0,000000
11173                         0,000000
11177                         0,000000
10087                         0,000000
10089                         0,000000
11178                         0,000000
10291                         0,000000
10290                         0,000000
10292                         0,000000
11141                         0,000000
10054                         0,000000
10062                         0,000000
11151                         0,000000
10061                         0,000000
11153                         0,000000
10068                         0,000000
10031                         0,000000
10033                         0,000000
10274                         0,000000
11124                         0,000000
10037                         0,000000
11125                         0,000000
10039                         0,000000
10038                         0,000000
10040                         0,000000
11131                         0,000000
10041                         0,000000
10044                         0,000000
11133                         0,000000
11134                         0,000000
10047                         0,000000
10289                         0,000000
11138                         0,000000
10928                         0,000000
10933                         0,000000
10939                         0,000000
10943                         0,000000
10701                         0,000000
10700                         0,000000
10942                         0,000000
10944                         0,000000
10707                         0,000000
10940                         0,000000
10915                         0,000000
10923                         0,000000
10903                         0,000000
10905                         0,000000
